#Silhouette	HC0	0.16312277335052158
#Silhouette	HC10	0.480019781646457
#Silhouette	HC20	0.37780470773874847
#Silhouette	HC30	0.35959549958744264
#Silhouette	HC40	0.29951050595049755
#Silhouette	HC50	0.2879980716037733
#Silhouette	HC60	0.32030359580925527
#Silhouette	HC70	0.3294683476336385
#Silhouette	HC80	0.35019629894087523
#Silhouette	HC90	0.35809053764860743
#Silhouette	HC100	0.3621058213377884
#Silhouette	HC110	0.3658482242819244
#Silhouette	HC120	0.36368877456257503
#Silhouette	HC130	0.3636469810361405
#Silhouette	HC140	0.41428396067781637
#Silhouette	HC150	0.39651611315068847
#Silhouette	HC160	0.3807672508948919
#Silhouette	HC170	0.7527162607720972
#Silhouette	HC180	0.7666924831574093
#Silhouette	HC190	0.7611477583296725
#Silhouette	HC200	0.7632001694001618
#Silhouette	HC210	0.7750715250814424
#Silhouette	HC220	0.7754594643450002
#Silhouette	HC230	0.7779758965232915
#Silhouette	HC240	0.7812062255443853
#Silhouette	HC250	0.7911471972496845
#Silhouette	HC260	0.7944698804993024
#Silhouette	HC270	0.7942125784752098
#Silhouette	HC280	0.7975120417548596
#Silhouette	HC290	0.8003606257816663
#Silhouette	HC300	0.7987900905161341
#Silhouette	HC310	0.8003055408257203
#Silhouette	HC320	0.8086004192599
#Silhouette	HC330	0.8197895125296116
#Silhouette	HC340	0.8208148208631262
#Silhouette	HC350	0.8314956829636397
#Silhouette	HC360	0.8317290621926391
#Silhouette	HC370	0.8349663506167425
#Silhouette	HC380	0.8380988899856305
#Silhouette	HC390	0.8293999904864335
#Silhouette	HC400	0.8291525948427514
#Silhouette	HC410	0.8301058994377796
#Silhouette	HC420	0.8325213317902785
#Silhouette	HC430	0.8348110565657979
#Silhouette	HC440	0.8351970735736002
#Silhouette	HC450	0.8409208173447236
#Silhouette	HC460	0.8415964454992455
#Silhouette	HC470	0.8399825826832854
#Silhouette	HC480	0.8401713457407132
#Silhouette	HC490	0.8397618513325554
#Silhouette	HC500	0.8410510663320004
#Silhouette	HC510	0.8412482335938191
#Silhouette	HC520	0.8428435677512852
#Silhouette	HC530	0.8423751154622915
#Silhouette	HC540	0.8420842780985354
#Silhouette	HC550	0.842180144151677
#Silhouette	HC560	0.8436120944920289
#Silhouette	HC570	0.8469313250830608
#Silhouette	HC580	0.8471998628829912
#Silhouette	HC590	0.8465199158970672
#Silhouette	HC600	0.8466774885737395
#Silhouette	HC610	0.8491185834751878
#Silhouette	HC620	0.8223601441375116
#Silhouette	HC630	0.8126168692197119
#Silhouette	HC640	0.8131117477362085
#Silhouette	HC650	0.8102314943253086
#Silhouette	HC660	0.8110818370382337
#Silhouette	HC670	0.7853528312317106
#Silhouette	HC680	0.7834107076106682
#Silhouette	HC690	0.7752764304113361
#Silhouette	HC700	0.7791524311992296
#Silhouette	HC710	0.7870126060463409
#Silhouette	HC720	0.7840120519008704
#Silhouette	HC730	0.7833506741705031
#Silhouette	HC740	0.7833124028300358
#Silhouette	HC750	0.7795799312672551
#Silhouette	HC760	0.7630226248029089
#Silhouette	HC770	0.7647676676820035
#Silhouette	HC780	0.7648559460472828
#Silhouette	HC790	0.7660590601349861
#Silhouette	HC800	0.764018062066497
#Silhouette	HC810	0.7611532820239919
#Silhouette	HC820	0.7613299661523191
#Silhouette	HC830	0.7564837889837474
#Silhouette	HC840	0.759276073271759
#Silhouette	HC850	0.7549452183063188
#Silhouette	HC860	0.7399248236100017
#Silhouette	HC870	0.7379506008588208
#Silhouette	HC880	0.73849050018776
#Silhouette	HC890	0.7386054884216263
#Silhouette	HC900	0.739089667724231
#Silhouette	HC910	0.7377191374930545
#Silhouette	HC920	0.7205989374501385
#Silhouette	HC930	0.7241601708556259
#Silhouette	HC940	0.7157846310085049
#Silhouette	HC950	0.5813458541696589
#Silhouette	HC960	0.5505567854864419
#Silhouette	HC970	0.5534037838176203
#Silhouette	HC980	0.5534575207421855
#Silhouette	HC990	0.5534400646312551
#Silhouette	HC1000	0.5179452167262123
#Silhouette	HC1010	0.5243927473601329
#Silhouette	HC1020	0.5207612982807746
#Silhouette	HC1030	0.5364733989165318
#Silhouette	HC1040	0.5438680385604089
#Silhouette	HC1050	0.5942410503793064
#Silhouette	HC1060	0.5919981528867293
#Silhouette	HC1070	0.5891796260195946
#Silhouette	HC1080	0.6381395509955516
#Silhouette	HC1090	0.6372529760487086
#Silhouette	HC1100	0.6384884722486829
#Silhouette	HC1110	0.6358508215130105
#Silhouette	HC1120	0.6359723965147939
#Silhouette	HC1130	0.6683968991344374
#Silhouette	HC1140	0.6687360415421224
#Silhouette	HC1150	0.6684300138437583
#Silhouette	HC1160	0.6660997806440175
#Silhouette	HC1170	0.6657811643134695
#Silhouette	HC1180	0.6642371101087384
#Silhouette	HC1190	0.6736726668049666
#Silhouette	HC1200	0.664733884096358
#Silhouette	HC1210	0.6629790011206991
#Silhouette	HC1220	0.6577451028179978
#Silhouette	HC1230	0.6572044935425635
#Silhouette	HC1240	0.6836751370139509
#Silhouette	HC1250	0.682440025442987
#Silhouette	HC1260	0.6858890015858771
#Silhouette	HC1270	0.6931669660507387
#Silhouette	HC1280	0.6910665167005143
#Silhouette	HC1290	0.6914229659216782
#Silhouette	HC1300	0.6910326282961373
#Silhouette	HC1310	0.6892997862503379
#Silhouette	HC1320	0.6910716134102713
#Silhouette	HC1330	0.6910716134102713
#Silhouette	HC1340	0.6942825646801093
#Silhouette	HC1350	0.6945867641165879
#Silhouette	HC1360	0.7765721697168909
#Silhouette	HC1370	0.7765721697168909
#Silhouette	HC1380	0.7765721697168909
#Silhouette	HC1390	0.7760263153950758
#Silhouette	HC1400	0.7754452525155255
#Silhouette	HC1410	0.7760018250835402
#Silhouette	HC1420	0.7750778261010935
#Silhouette	HC1430	0.7734928030999402
#Silhouette	HC1440	0.7731179953970596
#Silhouette	HC1450	0.774201781992917
#Silhouette	HC1460	0.7739799124601058
#Silhouette	HC1470	0.7761519306744701
#Silhouette	HC1480	0.7809456038139905
#Silhouette	HC1490	0.8038083582568922
#Silhouette	HC1500	0.7856326002401892
#Silhouette	HC1510	0.7210941160916078
#Silhouette	HC1520	0.7138874600247306
#Silhouette	HC1530	0.723447410822846
#Silhouette	HC1540	0.7094463931928803
#Silhouette	HC1550	0.0

#NMI	HC0	HC10	HC20	HC30	HC40	HC50	HC60	HC70	HC80	HC90	HC100	HC110	HC120	HC130	HC140	HC150	HC160	HC170	HC180	HC190	HC200	HC210	HC220	HC230	HC240	HC250	HC260	HC270	HC280	HC290	HC300	HC310	HC320	HC330	HC340	HC350	HC360	HC370	HC380	HC390	HC400	HC410	HC420	HC430	HC440	HC450	HC460	HC470	HC480	HC490	HC500	HC510	HC520	HC530	HC540	HC550	HC560	HC570	HC580	HC590	HC600	HC610	HC620	HC630	HC640	HC650	HC660	HC670	HC680	HC690	HC700	HC710	HC720	HC730	HC740	HC750	HC760	HC770	HC780	HC790	HC800	HC810	HC820	HC830	HC840	HC850	HC860	HC870	HC880	HC890	HC900	HC910	HC920	HC930	HC940	HC950	HC960	HC970	HC980	HC990	HC1000	HC1010	HC1020	HC1030	HC1040	HC1050	HC1060	HC1070	HC1080	HC1090	HC1100	HC1110	HC1120	HC1130	HC1140	HC1150	HC1160	HC1170	HC1180	HC1190	HC1200	HC1210	HC1220	HC1230	HC1240	HC1250	HC1260	HC1270	HC1280	HC1290	HC1300	HC1310	HC1320	HC1330	HC1340	HC1350	HC1360	HC1370	HC1380	HC1390	HC1400	HC1410	HC1420	HC1430	HC1440	HC1450	HC1460	HC1470	HC1480	HC1490	HC1500	HC1510	HC1520	HC1530	HC1540	HC1550
HC0	0.999	0.876	0.807	0.776	0.743	0.714	0.699	0.690	0.683	0.675	0.671	0.667	0.665	0.663	0.660	0.652	0.645	0.645	0.643	0.641	0.638	0.635	0.635	0.635	0.634	0.633	0.632	0.631	0.630	0.629	0.628	0.627	0.626	0.624	0.623	0.620	0.620	0.620	0.619	0.615	0.614	0.614	0.613	0.613	0.611	0.611	0.611	0.610	0.610	0.609	0.609	0.608	0.607	0.607	0.606	0.606	0.605	0.605	0.604	0.603	0.603	0.603	0.595	0.592	0.592	0.591	0.590	0.583	0.582	0.577	0.577	0.576	0.575	0.574	0.574	0.573	0.558	0.557	0.555	0.555	0.554	0.553	0.552	0.550	0.549	0.545	0.540	0.537	0.536	0.536	0.534	0.533	0.522	0.521	0.515	0.474	0.449	0.449	0.448	0.447	0.429	0.426	0.424	0.413	0.411	0.405	0.404	0.402	0.400	0.399	0.396	0.395	0.394	0.390	0.390	0.390	0.389	0.385	0.385	0.383	0.377	0.375	0.368	0.365	0.363	0.361	0.359	0.356	0.354	0.352	0.351	0.349	0.348	0.348	0.348	0.347	0.347	0.347	0.347	0.346	0.346	0.346	0.345	0.344	0.344	0.342	0.340	0.340	0.339	0.334	0.323	0.286	0.282	0.270	0.258	0.000
HC10	0.876	0.999	0.929	0.897	0.863	0.832	0.816	0.807	0.800	0.791	0.786	0.782	0.780	0.778	0.775	0.766	0.759	0.758	0.757	0.754	0.751	0.748	0.748	0.747	0.746	0.746	0.744	0.744	0.742	0.742	0.740	0.739	0.738	0.736	0.734	0.732	0.732	0.731	0.731	0.726	0.725	0.725	0.724	0.724	0.722	0.721	0.721	0.721	0.720	0.720	0.719	0.718	0.717	0.717	0.716	0.716	0.715	0.715	0.714	0.713	0.713	0.713	0.704	0.701	0.701	0.700	0.699	0.691	0.690	0.685	0.684	0.683	0.682	0.681	0.681	0.680	0.664	0.663	0.661	0.661	0.660	0.658	0.657	0.655	0.654	0.649	0.644	0.641	0.640	0.640	0.637	0.636	0.624	0.623	0.616	0.570	0.542	0.541	0.540	0.540	0.519	0.516	0.513	0.501	0.499	0.492	0.490	0.488	0.485	0.485	0.481	0.481	0.479	0.475	0.474	0.474	0.474	0.469	0.468	0.466	0.460	0.457	0.449	0.445	0.443	0.441	0.438	0.434	0.433	0.431	0.429	0.427	0.426	0.426	0.425	0.425	0.424	0.424	0.424	0.424	0.424	0.423	0.422	0.421	0.420	0.419	0.417	0.416	0.415	0.409	0.396	0.353	0.349	0.334	0.320	0.000
HC20	0.807	0.929	0.999	0.968	0.933	0.902	0.886	0.876	0.868	0.859	0.854	0.850	0.848	0.846	0.843	0.834	0.827	0.826	0.824	0.822	0.818	0.815	0.815	0.815	0.814	0.813	0.812	0.811	0.809	0.809	0.807	0.806	0.805	0.803	0.801	0.798	0.798	0.798	0.798	0.792	0.792	0.791	0.791	0.790	0.788	0.788	0.788	0.787	0.787	0.786	0.786	0.785	0.784	0.783	0.783	0.782	0.781	0.781	0.780	0.780	0.780	0.779	0.770	0.767	0.767	0.765	0.765	0.756	0.755	0.750	0.749	0.748	0.747	0.746	0.746	0.744	0.728	0.727	0.725	0.725	0.724	0.722	0.721	0.719	0.717	0.713	0.707	0.704	0.703	0.703	0.700	0.699	0.686	0.685	0.678	0.629	0.600	0.599	0.598	0.597	0.576	0.572	0.569	0.556	0.553	0.546	0.544	0.542	0.539	0.538	0.535	0.534	0.532	0.528	0.528	0.527	0.527	0.521	0.521	0.518	0.512	0.508	0.500	0.496	0.493	0.492	0.489	0.485	0.483	0.480	0.479	0.476	0.475	0.475	0.475	0.474	0.473	0.473	0.473	0.473	0.473	0.472	0.472	0.470	0.469	0.467	0.465	0.465	0.464	0.457	0.443	0.396	0.391	0.375	0.360	0.000
HC30	0.776	0.897	0.968	0.999	0.965	0.934	0.917	0.908	0.900	0.891	0.886	0.882	0.880	0.878	0.874	0.865	0.858	0.857	0.856	0.853	0.849	0.846	0.846	0.846	0.845	0.844	0.843	0.842	0.840	0.840	0.838	0.837	0.836	0.834	0.832	0.830	0.829	0.829	0.829	0.823	0.823	0.822	0.822	0.821	0.819	0.819	0.819	0.818	0.817	0.817	0.816	0.816	0.815	0.814	0.813	0.813	0.812	0.812	0.811	0.810	0.810	0.810	0.801	0.798	0.798	0.796	0.795	0.786	0.785	0.780	0.779	0.778	0.777	0.777	0.777	0.775	0.758	0.757	0.755	0.755	0.754	0.752	0.751	0.749	0.747	0.743	0.737	0.733	0.732	0.732	0.730	0.728	0.716	0.714	0.707	0.657	0.627	0.626	0.625	0.625	0.602	0.599	0.596	0.582	0.580	0.572	0.570	0.568	0.565	0.564	0.561	0.560	0.558	0.553	0.553	0.553	0.552	0.547	0.546	0.543	0.536	0.533	0.525	0.520	0.518	0.516	0.513	0.509	0.507	0.504	0.503	0.500	0.499	0.499	0.498	0.498	0.497	0.497	0.497	0.497	0.496	0.496	0.495	0.494	0.493	0.491	0.489	0.488	0.487	0.480	0.466	0.417	0.412	0.395	0.379	0.000
HC40	0.743	0.863	0.933	0.965	0.999	0.969	0.952	0.943	0.935	0.926	0.921	0.917	0.914	0.913	0.909	0.900	0.893	0.892	0.890	0.888	0.884	0.881	0.881	0.880	0.879	0.879	0.877	0.877	0.875	0.874	0.873	0.871	0.870	0.869	0.867	0.864	0.864	0.863	0.863	0.857	0.857	0.857	0.856	0.856	0.853	0.853	0.853	0.852	0.852	0.851	0.851	0.850	0.849	0.848	0.848	0.847	0.846	0.846	0.845	0.845	0.844	0.844	0.835	0.832	0.832	0.830	0.829	0.820	0.819	0.814	0.813	0.812	0.811	0.810	0.810	0.808	0.792	0.791	0.788	0.788	0.787	0.785	0.785	0.782	0.780	0.776	0.770	0.766	0.765	0.765	0.763	0.761	0.748	0.747	0.740	0.688	0.658	0.657	0.656	0.655	0.632	0.628	0.626	0.611	0.609	0.601	0.599	0.597	0.594	0.593	0.589	0.588	0.586	0.582	0.581	0.581	0.581	0.575	0.574	0.572	0.564	0.561	0.553	0.548	0.545	0.543	0.540	0.536	0.534	0.531	0.530	0.527	0.526	0.526	0.525	0.525	0.524	0.524	0.524	0.523	0.523	0.522	0.522	0.520	0.519	0.517	0.515	0.515	0.513	0.507	0.491	0.441	0.435	0.417	0.401	0.000
HC50	0.714	0.832	0.902	0.934	0.969	0.999	0.984	0.974	0.966	0.957	0.952	0.948	0.945	0.944	0.940	0.931	0.924	0.923	0.921	0.919	0.915	0.912	0.912	0.911	0.910	0.909	0.908	0.908	0.905	0.905	0.904	0.902	0.901	0.899	0.897	0.895	0.895	0.894	0.894	0.888	0.888	0.887	0.887	0.886	0.884	0.884	0.883	0.883	0.882	0.882	0.881	0.880	0.879	0.879	0.878	0.878	0.877	0.876	0.876	0.875	0.875	0.874	0.865	0.862	0.862	0.860	0.860	0.851	0.850	0.844	0.843	0.842	0.841	0.841	0.840	0.839	0.822	0.821	0.818	0.818	0.817	0.815	0.814	0.812	0.810	0.806	0.799	0.796	0.795	0.795	0.792	0.791	0.778	0.776	0.769	0.717	0.686	0.685	0.684	0.683	0.660	0.656	0.653	0.638	0.636	0.628	0.626	0.623	0.620	0.619	0.616	0.615	0.613	0.608	0.608	0.607	0.607	0.601	0.600	0.597	0.590	0.587	0.578	0.573	0.570	0.568	0.565	0.560	0.559	0.556	0.554	0.551	0.550	0.550	0.550	0.549	0.548	0.548	0.548	0.548	0.547	0.547	0.546	0.545	0.544	0.541	0.539	0.539	0.537	0.531	0.515	0.462	0.457	0.438	0.421	0.000
HC60	0.699	0.816	0.886	0.917	0.952	0.984	0.999	0.990	0.983	0.973	0.968	0.964	0.962	0.960	0.957	0.947	0.940	0.939	0.938	0.935	0.931	0.928	0.928	0.928	0.926	0.926	0.924	0.924	0.922	0.921	0.920	0.918	0.917	0.916	0.914	0.911	0.911	0.910	0.910	0.904	0.904	0.904	0.903	0.903	0.900	0.900	0.900	0.899	0.898	0.898	0.898	0.897	0.896	0.895	0.894	0.894	0.893	0.893	0.892	0.891	0.891	0.890	0.882	0.878	0.878	0.877	0.876	0.867	0.866	0.860	0.859	0.858	0.857	0.857	0.857	0.855	0.838	0.837	0.834	0.834	0.833	0.831	0.830	0.828	0.826	0.821	0.815	0.812	0.811	0.811	0.808	0.806	0.793	0.792	0.785	0.732	0.701	0.700	0.698	0.698	0.674	0.670	0.667	0.652	0.650	0.642	0.640	0.638	0.634	0.634	0.630	0.629	0.627	0.622	0.622	0.621	0.621	0.615	0.614	0.611	0.604	0.600	0.592	0.587	0.584	0.582	0.578	0.574	0.572	0.569	0.567	0.564	0.563	0.563	0.563	0.562	0.561	0.561	0.561	0.561	0.561	0.560	0.559	0.558	0.557	0.555	0.553	0.552	0.550	0.543	0.528	0.474	0.469	0.450	0.432	0.000
HC70	0.690	0.807	0.876	0.908	0.943	0.974	0.990	0.999	0.992	0.983	0.978	0.974	0.972	0.970	0.966	0.957	0.950	0.949	0.947	0.945	0.941	0.938	0.938	0.937	0.936	0.935	0.934	0.934	0.931	0.931	0.930	0.928	0.927	0.925	0.923	0.921	0.921	0.920	0.920	0.914	0.914	0.913	0.913	0.912	0.910	0.910	0.909	0.909	0.908	0.908	0.907	0.906	0.905	0.905	0.904	0.904	0.903	0.902	0.902	0.901	0.901	0.900	0.891	0.888	0.888	0.886	0.885	0.876	0.875	0.870	0.869	0.868	0.867	0.866	0.866	0.864	0.847	0.846	0.844	0.843	0.842	0.841	0.840	0.837	0.836	0.831	0.825	0.821	0.820	0.820	0.817	0.816	0.803	0.801	0.794	0.741	0.709	0.709	0.707	0.707	0.683	0.679	0.676	0.661	0.659	0.651	0.649	0.646	0.643	0.642	0.638	0.637	0.635	0.630	0.630	0.630	0.629	0.623	0.622	0.620	0.612	0.609	0.600	0.595	0.592	0.590	0.586	0.582	0.580	0.577	0.575	0.572	0.571	0.571	0.571	0.570	0.569	0.569	0.569	0.569	0.569	0.568	0.567	0.566	0.565	0.562	0.560	0.560	0.558	0.551	0.535	0.481	0.476	0.457	0.439	0.000
HC80	0.683	0.800	0.868	0.900	0.935	0.966	0.983	0.992	0.999	0.990	0.986	0.981	0.979	0.977	0.974	0.964	0.957	0.956	0.955	0.952	0.948	0.945	0.945	0.945	0.944	0.943	0.942	0.941	0.939	0.939	0.937	0.936	0.935	0.933	0.931	0.928	0.928	0.928	0.927	0.922	0.921	0.921	0.920	0.920	0.917	0.917	0.917	0.916	0.916	0.915	0.915	0.914	0.913	0.912	0.912	0.911	0.910	0.910	0.909	0.909	0.908	0.908	0.899	0.895	0.895	0.894	0.893	0.884	0.883	0.877	0.877	0.875	0.874	0.874	0.874	0.872	0.854	0.853	0.851	0.851	0.850	0.848	0.847	0.845	0.843	0.838	0.832	0.829	0.828	0.828	0.825	0.823	0.810	0.808	0.801	0.748	0.716	0.716	0.714	0.714	0.690	0.686	0.683	0.668	0.665	0.658	0.655	0.653	0.650	0.649	0.645	0.644	0.642	0.637	0.636	0.636	0.635	0.630	0.629	0.626	0.619	0.615	0.606	0.601	0.598	0.596	0.593	0.588	0.586	0.584	0.582	0.579	0.577	0.577	0.577	0.576	0.575	0.575	0.575	0.575	0.575	0.574	0.573	0.572	0.571	0.569	0.566	0.566	0.564	0.557	0.541	0.487	0.481	0.462	0.444	0.000
HC90	0.675	0.791	0.859	0.891	0.926	0.957	0.973	0.983	0.990	0.999	0.995	0.991	0.989	0.987	0.983	0.974	0.967	0.966	0.964	0.962	0.958	0.955	0.955	0.954	0.953	0.953	0.951	0.951	0.949	0.948	0.947	0.945	0.944	0.942	0.940	0.938	0.938	0.937	0.937	0.931	0.931	0.930	0.930	0.929	0.927	0.927	0.926	0.926	0.925	0.925	0.924	0.923	0.922	0.922	0.921	0.921	0.920	0.919	0.919	0.918	0.918	0.917	0.908	0.905	0.905	0.903	0.902	0.893	0.892	0.887	0.886	0.885	0.884	0.883	0.883	0.881	0.864	0.863	0.860	0.860	0.859	0.857	0.857	0.854	0.852	0.848	0.841	0.838	0.837	0.837	0.834	0.832	0.819	0.818	0.811	0.757	0.725	0.724	0.723	0.723	0.698	0.694	0.691	0.676	0.674	0.666	0.664	0.661	0.658	0.657	0.653	0.652	0.650	0.645	0.645	0.645	0.644	0.638	0.637	0.634	0.627	0.623	0.614	0.609	0.606	0.604	0.601	0.596	0.594	0.591	0.590	0.586	0.585	0.585	0.585	0.584	0.583	0.583	0.583	0.583	0.583	0.582	0.581	0.580	0.579	0.576	0.574	0.574	0.572	0.565	0.549	0.494	0.488	0.469	0.451	0.000
HC100	0.671	0.786	0.854	0.886	0.921	0.952	0.968	0.978	0.986	0.995	0.999	0.996	0.994	0.992	0.988	0.979	0.972	0.971	0.969	0.967	0.963	0.960	0.960	0.959	0.958	0.957	0.956	0.955	0.953	0.953	0.952	0.950	0.949	0.947	0.945	0.942	0.942	0.942	0.942	0.936	0.936	0.935	0.934	0.934	0.932	0.931	0.931	0.930	0.930	0.929	0.929	0.928	0.927	0.927	0.926	0.926	0.924	0.924	0.923	0.923	0.923	0.922	0.913	0.910	0.910	0.908	0.907	0.898	0.897	0.892	0.891	0.890	0.888	0.888	0.888	0.886	0.869	0.868	0.865	0.865	0.864	0.862	0.861	0.859	0.857	0.852	0.846	0.843	0.842	0.842	0.839	0.837	0.824	0.822	0.815	0.762	0.730	0.729	0.728	0.727	0.703	0.699	0.696	0.681	0.678	0.670	0.668	0.665	0.662	0.661	0.658	0.656	0.654	0.650	0.649	0.649	0.648	0.642	0.641	0.639	0.631	0.627	0.618	0.613	0.610	0.608	0.605	0.600	0.598	0.596	0.594	0.591	0.589	0.589	0.589	0.588	0.587	0.587	0.587	0.587	0.587	0.586	0.585	0.584	0.583	0.580	0.578	0.578	0.576	0.569	0.553	0.498	0.492	0.472	0.454	0.000
HC110	0.667	0.782	0.850	0.882	0.917	0.948	0.964	0.974	0.981	0.991	0.996	0.999	0.998	0.996	0.993	0.983	0.976	0.975	0.974	0.971	0.967	0.964	0.964	0.964	0.962	0.962	0.960	0.960	0.958	0.957	0.956	0.954	0.953	0.951	0.950	0.947	0.947	0.946	0.946	0.940	0.940	0.939	0.939	0.938	0.936	0.936	0.935	0.935	0.934	0.934	0.933	0.932	0.931	0.931	0.930	0.930	0.929	0.928	0.928	0.927	0.927	0.926	0.917	0.914	0.914	0.912	0.911	0.902	0.901	0.896	0.895	0.894	0.893	0.892	0.892	0.890	0.873	0.872	0.869	0.869	0.868	0.866	0.866	0.863	0.861	0.857	0.850	0.847	0.846	0.846	0.843	0.841	0.828	0.827	0.820	0.766	0.734	0.733	0.732	0.731	0.707	0.703	0.700	0.684	0.682	0.674	0.672	0.669	0.666	0.665	0.661	0.660	0.658	0.653	0.653	0.653	0.652	0.646	0.645	0.642	0.635	0.631	0.622	0.617	0.614	0.612	0.608	0.604	0.602	0.599	0.597	0.594	0.593	0.593	0.593	0.592	0.591	0.591	0.591	0.591	0.590	0.589	0.589	0.587	0.586	0.584	0.582	0.581	0.580	0.572	0.556	0.501	0.495	0.475	0.457	0.000
HC120	0.665	0.780	0.848	0.880	0.914	0.945	0.962	0.972	0.979	0.989	0.994	0.998	0.999	0.998	0.995	0.985	0.978	0.977	0.976	0.973	0.969	0.966	0.966	0.966	0.965	0.964	0.963	0.962	0.960	0.960	0.958	0.957	0.956	0.954	0.952	0.949	0.949	0.948	0.948	0.942	0.942	0.942	0.941	0.941	0.938	0.938	0.938	0.937	0.936	0.936	0.935	0.935	0.934	0.933	0.932	0.932	0.931	0.931	0.930	0.929	0.929	0.928	0.919	0.916	0.916	0.914	0.913	0.904	0.903	0.898	0.897	0.896	0.895	0.894	0.894	0.892	0.875	0.874	0.871	0.871	0.870	0.868	0.868	0.865	0.863	0.859	0.852	0.849	0.848	0.848	0.845	0.843	0.830	0.829	0.822	0.768	0.736	0.735	0.734	0.733	0.709	0.705	0.702	0.686	0.684	0.676	0.674	0.671	0.668	0.667	0.663	0.662	0.660	0.655	0.655	0.654	0.654	0.648	0.647	0.644	0.637	0.633	0.624	0.619	0.616	0.614	0.610	0.606	0.604	0.601	0.599	0.596	0.595	0.595	0.594	0.594	0.593	0.593	0.593	0.592	0.592	0.591	0.591	0.589	0.588	0.586	0.584	0.583	0.581	0.574	0.558	0.502	0.497	0.477	0.459	0.000
HC130	0.663	0.778	0.846	0.878	0.913	0.944	0.960	0.970	0.977	0.987	0.992	0.996	0.998	0.999	0.996	0.987	0.980	0.979	0.977	0.975	0.971	0.968	0.968	0.967	0.966	0.966	0.964	0.964	0.962	0.961	0.960	0.958	0.957	0.955	0.953	0.951	0.951	0.950	0.950	0.944	0.944	0.943	0.942	0.942	0.940	0.939	0.939	0.939	0.938	0.938	0.937	0.936	0.935	0.935	0.934	0.934	0.932	0.932	0.931	0.931	0.931	0.930	0.921	0.918	0.918	0.916	0.915	0.906	0.905	0.900	0.899	0.898	0.896	0.896	0.896	0.894	0.877	0.876	0.873	0.873	0.872	0.870	0.869	0.867	0.865	0.860	0.854	0.851	0.850	0.850	0.847	0.845	0.832	0.830	0.823	0.769	0.737	0.737	0.735	0.735	0.710	0.706	0.703	0.688	0.686	0.678	0.675	0.673	0.670	0.669	0.665	0.664	0.661	0.657	0.656	0.656	0.655	0.649	0.648	0.646	0.638	0.634	0.625	0.620	0.617	0.615	0.612	0.607	0.605	0.602	0.600	0.597	0.596	0.596	0.596	0.595	0.594	0.594	0.594	0.594	0.593	0.593	0.592	0.590	0.590	0.587	0.585	0.584	0.583	0.576	0.559	0.504	0.498	0.478	0.460	0.000
HC140	0.660	0.775	0.843	0.874	0.909	0.940	0.957	0.966	0.974	0.983	0.988	0.993	0.995	0.996	0.999	0.991	0.983	0.982	0.981	0.978	0.974	0.971	0.971	0.971	0.970	0.969	0.968	0.967	0.965	0.965	0.963	0.962	0.961	0.959	0.957	0.954	0.954	0.954	0.953	0.948	0.947	0.947	0.946	0.946	0.943	0.943	0.943	0.942	0.942	0.941	0.941	0.940	0.939	0.938	0.938	0.937	0.936	0.936	0.935	0.935	0.934	0.934	0.925	0.921	0.921	0.920	0.919	0.910	0.909	0.903	0.902	0.901	0.900	0.899	0.899	0.897	0.880	0.879	0.877	0.876	0.875	0.874	0.873	0.870	0.869	0.864	0.857	0.854	0.853	0.853	0.850	0.848	0.835	0.834	0.827	0.773	0.741	0.740	0.738	0.738	0.714	0.709	0.706	0.691	0.689	0.681	0.678	0.676	0.673	0.672	0.668	0.667	0.665	0.660	0.659	0.659	0.658	0.652	0.651	0.649	0.641	0.638	0.628	0.623	0.620	0.618	0.615	0.610	0.608	0.605	0.603	0.600	0.599	0.599	0.599	0.598	0.597	0.597	0.597	0.597	0.596	0.596	0.595	0.593	0.593	0.590	0.588	0.587	0.586	0.579	0.562	0.506	0.501	0.481	0.463	0.000
HC150	0.652	0.766	0.834	0.865	0.900	0.931	0.947	0.957	0.964	0.974	0.979	0.983	0.985	0.987	0.991	0.999	0.993	0.992	0.990	0.988	0.984	0.981	0.981	0.980	0.979	0.979	0.977	0.977	0.975	0.974	0.973	0.971	0.970	0.968	0.966	0.964	0.964	0.963	0.963	0.957	0.957	0.956	0.955	0.955	0.953	0.952	0.952	0.952	0.951	0.951	0.950	0.949	0.948	0.948	0.947	0.947	0.945	0.945	0.944	0.944	0.944	0.943	0.934	0.931	0.931	0.929	0.928	0.919	0.918	0.913	0.912	0.911	0.909	0.909	0.909	0.907	0.890	0.888	0.886	0.886	0.885	0.883	0.882	0.879	0.878	0.873	0.867	0.863	0.862	0.862	0.860	0.858	0.845	0.843	0.836	0.782	0.750	0.749	0.747	0.747	0.722	0.718	0.715	0.700	0.697	0.689	0.687	0.684	0.681	0.680	0.676	0.675	0.673	0.668	0.668	0.668	0.667	0.661	0.660	0.657	0.649	0.646	0.637	0.631	0.628	0.626	0.623	0.618	0.616	0.613	0.611	0.608	0.607	0.607	0.607	0.606	0.605	0.605	0.605	0.605	0.604	0.604	0.603	0.601	0.600	0.598	0.596	0.595	0.594	0.586	0.570	0.514	0.508	0.488	0.469	0.000
HC160	0.645	0.759	0.827	0.858	0.893	0.924	0.940	0.950	0.957	0.967	0.972	0.976	0.978	0.980	0.983	0.993	0.999	0.999	0.998	0.995	0.991	0.988	0.988	0.988	0.987	0.986	0.985	0.984	0.982	0.981	0.980	0.978	0.977	0.976	0.974	0.971	0.971	0.970	0.970	0.964	0.964	0.963	0.963	0.962	0.960	0.960	0.960	0.959	0.958	0.958	0.957	0.956	0.955	0.955	0.954	0.954	0.953	0.952	0.952	0.951	0.951	0.950	0.941	0.938	0.938	0.936	0.935	0.926	0.925	0.920	0.919	0.918	0.916	0.916	0.916	0.914	0.897	0.896	0.893	0.893	0.892	0.890	0.889	0.887	0.885	0.880	0.874	0.871	0.869	0.869	0.867	0.865	0.852	0.850	0.843	0.789	0.756	0.755	0.754	0.753	0.729	0.725	0.722	0.706	0.704	0.696	0.693	0.691	0.688	0.687	0.683	0.682	0.679	0.675	0.674	0.674	0.673	0.667	0.666	0.664	0.656	0.652	0.643	0.638	0.635	0.633	0.629	0.624	0.623	0.620	0.618	0.614	0.613	0.613	0.613	0.612	0.611	0.611	0.611	0.611	0.610	0.610	0.609	0.607	0.607	0.604	0.602	0.601	0.600	0.592	0.576	0.519	0.513	0.493	0.475	0.000
HC170	0.645	0.758	0.826	0.857	0.892	0.923	0.939	0.949	0.956	0.966	0.971	0.975	0.977	0.979	0.982	0.992	0.999	0.999	0.999	0.996	0.992	0.989	0.989	0.989	0.987	0.987	0.985	0.985	0.983	0.982	0.981	0.979	0.978	0.976	0.975	0.972	0.972	0.971	0.971	0.965	0.965	0.964	0.964	0.963	0.961	0.961	0.960	0.960	0.959	0.959	0.958	0.957	0.956	0.956	0.955	0.955	0.954	0.953	0.953	0.952	0.952	0.951	0.942	0.939	0.939	0.937	0.936	0.927	0.926	0.921	0.920	0.919	0.917	0.917	0.917	0.915	0.898	0.897	0.894	0.894	0.893	0.891	0.890	0.887	0.886	0.881	0.875	0.871	0.870	0.870	0.868	0.866	0.853	0.851	0.844	0.790	0.757	0.756	0.755	0.754	0.730	0.726	0.723	0.707	0.705	0.697	0.694	0.692	0.689	0.688	0.684	0.683	0.680	0.676	0.675	0.675	0.674	0.668	0.667	0.664	0.657	0.653	0.644	0.639	0.635	0.633	0.630	0.625	0.623	0.620	0.618	0.615	0.614	0.614	0.614	0.613	0.612	0.612	0.612	0.612	0.611	0.610	0.610	0.608	0.607	0.605	0.603	0.602	0.601	0.593	0.576	0.520	0.514	0.494	0.475	0.000
HC180	0.643	0.757	0.824	0.856	0.890	0.921	0.938	0.947	0.955	0.964	0.969	0.974	0.976	0.977	0.981	0.990	0.998	0.999	0.999	0.997	0.993	0.990	0.990	0.990	0.989	0.988	0.987	0.986	0.984	0.984	0.982	0.981	0.980	0.978	0.976	0.973	0.973	0.973	0.972	0.967	0.966	0.966	0.965	0.965	0.962	0.962	0.962	0.961	0.961	0.960	0.960	0.959	0.958	0.957	0.957	0.956	0.955	0.955	0.954	0.954	0.953	0.953	0.944	0.940	0.940	0.939	0.938	0.929	0.927	0.922	0.921	0.920	0.919	0.918	0.918	0.916	0.899	0.898	0.895	0.895	0.894	0.892	0.892	0.889	0.887	0.882	0.876	0.873	0.872	0.872	0.869	0.867	0.854	0.852	0.845	0.791	0.758	0.758	0.756	0.756	0.731	0.727	0.724	0.708	0.706	0.698	0.696	0.693	0.690	0.689	0.685	0.684	0.682	0.677	0.676	0.676	0.675	0.669	0.668	0.666	0.658	0.654	0.645	0.640	0.637	0.635	0.631	0.626	0.625	0.622	0.620	0.616	0.615	0.615	0.615	0.614	0.613	0.613	0.613	0.613	0.612	0.612	0.611	0.609	0.609	0.606	0.604	0.603	0.602	0.594	0.577	0.521	0.515	0.495	0.476	0.000
HC190	0.641	0.754	0.822	0.853	0.888	0.919	0.935	0.945	0.952	0.962	0.967	0.971	0.973	0.975	0.978	0.988	0.995	0.996	0.997	0.999	0.996	0.993	0.993	0.993	0.991	0.991	0.989	0.989	0.987	0.986	0.985	0.983	0.982	0.981	0.979	0.976	0.976	0.975	0.975	0.969	0.969	0.968	0.968	0.967	0.965	0.965	0.964	0.964	0.963	0.963	0.962	0.961	0.960	0.960	0.959	0.959	0.958	0.957	0.957	0.956	0.956	0.955	0.946	0.943	0.943	0.941	0.940	0.931	0.930	0.925	0.924	0.923	0.921	0.921	0.921	0.919	0.902	0.900	0.898	0.898	0.897	0.895	0.894	0.891	0.890	0.885	0.879	0.875	0.874	0.874	0.871	0.870	0.857	0.855	0.848	0.793	0.761	0.760	0.759	0.758	0.734	0.729	0.726	0.711	0.708	0.700	0.698	0.695	0.692	0.691	0.687	0.686	0.684	0.679	0.679	0.678	0.678	0.672	0.671	0.668	0.660	0.657	0.647	0.642	0.639	0.637	0.633	0.629	0.627	0.624	0.622	0.619	0.617	0.617	0.617	0.616	0.615	0.615	0.615	0.615	0.615	0.614	0.613	0.612	0.611	0.608	0.606	0.605	0.604	0.597	0.580	0.523	0.517	0.497	0.478	0.000
HC200	0.638	0.751	0.818	0.849	0.884	0.915	0.931	0.941	0.948	0.958	0.963	0.967	0.969	0.971	0.974	0.984	0.991	0.992	0.993	0.996	0.999	0.997	0.997	0.996	0.995	0.995	0.993	0.993	0.991	0.990	0.989	0.987	0.986	0.984	0.982	0.980	0.980	0.979	0.979	0.973	0.973	0.972	0.972	0.971	0.969	0.969	0.968	0.968	0.967	0.967	0.966	0.965	0.964	0.964	0.963	0.963	0.961	0.961	0.960	0.960	0.960	0.959	0.950	0.947	0.947	0.945	0.944	0.935	0.934	0.929	0.928	0.926	0.925	0.925	0.925	0.923	0.905	0.904	0.902	0.902	0.901	0.899	0.898	0.895	0.894	0.889	0.883	0.879	0.878	0.878	0.875	0.874	0.860	0.859	0.852	0.797	0.765	0.764	0.762	0.762	0.737	0.733	0.730	0.714	0.712	0.704	0.702	0.699	0.696	0.695	0.691	0.690	0.687	0.683	0.682	0.682	0.681	0.675	0.674	0.671	0.664	0.660	0.651	0.645	0.642	0.640	0.637	0.632	0.630	0.627	0.625	0.622	0.621	0.621	0.620	0.620	0.619	0.619	0.619	0.618	0.618	0.617	0.617	0.615	0.614	0.612	0.609	0.609	0.607	0.600	0.583	0.526	0.520	0.500	0.481	0.000
HC210	0.635	0.748	0.815	0.846	0.881	0.912	0.928	0.938	0.945	0.955	0.960	0.964	0.966	0.968	0.971	0.981	0.988	0.989	0.990	0.993	0.997	0.999	0.999	0.999	0.998	0.998	0.996	0.996	0.994	0.993	0.992	0.990	0.989	0.987	0.985	0.983	0.983	0.982	0.982	0.976	0.976	0.975	0.975	0.974	0.972	0.972	0.971	0.971	0.970	0.970	0.969	0.968	0.967	0.967	0.966	0.966	0.964	0.964	0.963	0.963	0.963	0.962	0.953	0.950	0.950	0.948	0.947	0.938	0.937	0.932	0.931	0.929	0.928	0.928	0.928	0.926	0.908	0.907	0.905	0.905	0.904	0.902	0.901	0.898	0.897	0.892	0.886	0.882	0.881	0.881	0.878	0.877	0.863	0.862	0.855	0.800	0.767	0.767	0.765	0.765	0.740	0.736	0.733	0.717	0.715	0.707	0.704	0.702	0.698	0.698	0.694	0.692	0.690	0.685	0.685	0.685	0.684	0.678	0.677	0.674	0.666	0.663	0.653	0.648	0.645	0.643	0.639	0.635	0.633	0.630	0.628	0.625	0.623	0.623	0.623	0.622	0.621	0.621	0.621	0.621	0.621	0.620	0.619	0.617	0.617	0.614	0.612	0.611	0.610	0.602	0.585	0.528	0.522	0.502	0.483	0.000
HC220	0.635	0.748	0.815	0.846	0.881	0.912	0.928	0.938	0.945	0.955	0.960	0.964	0.966	0.968	0.971	0.981	0.988	0.989	0.990	0.993	0.997	0.999	0.999	0.999	0.999	0.998	0.997	0.996	0.994	0.994	0.992	0.991	0.990	0.988	0.986	0.983	0.983	0.982	0.982	0.976	0.976	0.976	0.975	0.975	0.972	0.972	0.972	0.971	0.970	0.970	0.969	0.969	0.967	0.967	0.966	0.966	0.965	0.964	0.964	0.963	0.963	0.962	0.953	0.950	0.950	0.948	0.947	0.938	0.937	0.932	0.931	0.930	0.928	0.928	0.928	0.926	0.909	0.908	0.905	0.905	0.904	0.902	0.901	0.899	0.897	0.892	0.886	0.882	0.881	0.881	0.879	0.877	0.864	0.862	0.855	0.800	0.768	0.767	0.765	0.765	0.740	0.736	0.733	0.717	0.715	0.707	0.704	0.702	0.699	0.698	0.694	0.693	0.690	0.686	0.685	0.685	0.684	0.678	0.677	0.674	0.666	0.663	0.653	0.648	0.645	0.643	0.640	0.635	0.633	0.630	0.628	0.625	0.624	0.624	0.623	0.622	0.622	0.622	0.622	0.621	0.621	0.620	0.619	0.618	0.617	0.614	0.612	0.611	0.610	0.603	0.586	0.529	0.522	0.502	0.483	0.000
HC230	0.635	0.747	0.815	0.846	0.880	0.911	0.928	0.937	0.945	0.954	0.959	0.964	0.966	0.967	0.971	0.980	0.988	0.989	0.990	0.993	0.996	0.999	0.999	0.999	0.999	0.998	0.997	0.996	0.994	0.994	0.992	0.991	0.990	0.988	0.986	0.983	0.983	0.983	0.982	0.977	0.976	0.976	0.975	0.975	0.972	0.972	0.972	0.971	0.971	0.970	0.970	0.969	0.968	0.967	0.967	0.966	0.965	0.965	0.964	0.964	0.963	0.963	0.954	0.950	0.950	0.949	0.948	0.939	0.937	0.932	0.931	0.930	0.929	0.928	0.928	0.926	0.909	0.908	0.905	0.905	0.904	0.902	0.902	0.899	0.897	0.892	0.886	0.883	0.882	0.882	0.879	0.877	0.864	0.862	0.855	0.801	0.768	0.767	0.766	0.765	0.740	0.736	0.733	0.718	0.715	0.707	0.705	0.702	0.699	0.698	0.694	0.693	0.691	0.686	0.685	0.685	0.684	0.678	0.677	0.675	0.667	0.663	0.654	0.649	0.645	0.643	0.640	0.635	0.633	0.630	0.628	0.625	0.624	0.624	0.623	0.623	0.622	0.622	0.622	0.621	0.621	0.620	0.620	0.618	0.617	0.615	0.612	0.612	0.610	0.603	0.586	0.529	0.523	0.502	0.484	0.000
HC240	0.634	0.746	0.814	0.845	0.879	0.910	0.926	0.936	0.944	0.953	0.958	0.962	0.965	0.966	0.970	0.979	0.987	0.987	0.989	0.991	0.995	0.998	0.999	0.999	0.999	0.999	0.998	0.997	0.995	0.995	0.993	0.992	0.991	0.989	0.987	0.984	0.984	0.984	0.983	0.978	0.978	0.977	0.976	0.976	0.973	0.973	0.973	0.972	0.972	0.971	0.971	0.970	0.969	0.968	0.968	0.968	0.966	0.966	0.965	0.965	0.964	0.964	0.955	0.951	0.951	0.950	0.949	0.940	0.939	0.933	0.932	0.931	0.930	0.929	0.929	0.927	0.910	0.909	0.906	0.906	0.905	0.903	0.903	0.900	0.898	0.894	0.887	0.884	0.883	0.883	0.880	0.878	0.865	0.863	0.856	0.802	0.769	0.768	0.767	0.766	0.742	0.737	0.734	0.719	0.716	0.708	0.706	0.703	0.700	0.699	0.695	0.694	0.692	0.687	0.686	0.686	0.685	0.679	0.678	0.676	0.668	0.664	0.655	0.650	0.646	0.644	0.641	0.636	0.634	0.631	0.629	0.626	0.625	0.625	0.624	0.624	0.623	0.623	0.623	0.622	0.622	0.621	0.621	0.619	0.618	0.616	0.613	0.613	0.611	0.604	0.587	0.530	0.524	0.503	0.484	0.000
HC250	0.633	0.746	0.813	0.844	0.879	0.909	0.926	0.935	0.943	0.953	0.957	0.962	0.964	0.966	0.969	0.979	0.986	0.987	0.988	0.991	0.995	0.998	0.998	0.998	0.999	0.999	0.999	0.998	0.996	0.996	0.994	0.993	0.992	0.990	0.988	0.985	0.985	0.984	0.984	0.978	0.978	0.978	0.977	0.977	0.974	0.974	0.974	0.973	0.972	0.972	0.972	0.971	0.970	0.969	0.968	0.968	0.967	0.967	0.966	0.965	0.965	0.964	0.955	0.952	0.952	0.950	0.949	0.940	0.939	0.934	0.933	0.932	0.931	0.930	0.930	0.928	0.911	0.910	0.907	0.907	0.906	0.904	0.903	0.901	0.899	0.894	0.888	0.884	0.883	0.883	0.881	0.879	0.866	0.864	0.857	0.802	0.770	0.769	0.767	0.767	0.742	0.738	0.735	0.719	0.717	0.709	0.706	0.704	0.701	0.700	0.696	0.695	0.692	0.687	0.687	0.687	0.686	0.680	0.679	0.676	0.668	0.665	0.655	0.650	0.647	0.645	0.641	0.637	0.635	0.632	0.630	0.627	0.625	0.625	0.625	0.624	0.623	0.623	0.623	0.623	0.623	0.622	0.621	0.619	0.619	0.616	0.614	0.613	0.612	0.604	0.587	0.530	0.524	0.504	0.485	0.000
HC260	0.632	0.744	0.812	0.843	0.877	0.908	0.924	0.934	0.942	0.951	0.956	0.960	0.963	0.964	0.968	0.977	0.985	0.985	0.987	0.989	0.993	0.996	0.997	0.997	0.998	0.999	0.999	0.999	0.997	0.997	0.995	0.994	0.993	0.991	0.989	0.986	0.986	0.986	0.985	0.980	0.980	0.979	0.978	0.978	0.975	0.975	0.975	0.974	0.974	0.973	0.973	0.972	0.971	0.970	0.970	0.970	0.968	0.968	0.967	0.967	0.966	0.966	0.957	0.953	0.953	0.952	0.951	0.942	0.941	0.935	0.934	0.933	0.932	0.931	0.931	0.929	0.912	0.911	0.908	0.908	0.907	0.905	0.905	0.902	0.900	0.895	0.889	0.886	0.885	0.885	0.882	0.880	0.867	0.865	0.858	0.804	0.771	0.770	0.769	0.768	0.743	0.739	0.736	0.720	0.718	0.710	0.708	0.705	0.702	0.701	0.697	0.696	0.693	0.689	0.688	0.688	0.687	0.681	0.680	0.677	0.669	0.666	0.656	0.651	0.648	0.646	0.642	0.638	0.636	0.633	0.631	0.628	0.626	0.626	0.626	0.625	0.624	0.624	0.624	0.624	0.624	0.623	0.622	0.621	0.620	0.617	0.615	0.614	0.613	0.605	0.588	0.531	0.525	0.505	0.486	0.000
HC270	0.631	0.744	0.811	0.842	0.877	0.908	0.924	0.934	0.941	0.951	0.955	0.960	0.962	0.964	0.967	0.977	0.984	0.985	0.986	0.989	0.993	0.996	0.996	0.996	0.997	0.998	0.999	0.999	0.998	0.998	0.996	0.995	0.994	0.992	0.990	0.987	0.987	0.986	0.986	0.980	0.980	0.980	0.979	0.979	0.976	0.976	0.976	0.975	0.974	0.974	0.973	0.973	0.972	0.971	0.970	0.970	0.969	0.969	0.968	0.967	0.967	0.966	0.957	0.954	0.954	0.952	0.951	0.942	0.941	0.936	0.935	0.934	0.933	0.932	0.932	0.930	0.913	0.912	0.909	0.909	0.908	0.906	0.905	0.903	0.901	0.896	0.890	0.886	0.885	0.885	0.883	0.881	0.868	0.866	0.859	0.804	0.772	0.771	0.769	0.769	0.744	0.740	0.737	0.721	0.719	0.711	0.708	0.706	0.702	0.701	0.697	0.696	0.694	0.689	0.689	0.688	0.688	0.682	0.681	0.678	0.670	0.666	0.657	0.652	0.649	0.647	0.643	0.638	0.636	0.633	0.631	0.628	0.627	0.627	0.627	0.626	0.625	0.625	0.625	0.625	0.624	0.623	0.623	0.621	0.620	0.618	0.616	0.615	0.613	0.606	0.589	0.532	0.526	0.505	0.486	0.000
HC280	0.630	0.742	0.809	0.840	0.875	0.905	0.922	0.931	0.939	0.949	0.953	0.958	0.960	0.962	0.965	0.975	0.982	0.983	0.984	0.987	0.991	0.994	0.994	0.994	0.995	0.996	0.997	0.998	0.999	0.999	0.998	0.997	0.996	0.994	0.992	0.989	0.989	0.988	0.988	0.982	0.982	0.982	0.981	0.981	0.978	0.978	0.978	0.977	0.977	0.976	0.976	0.975	0.974	0.973	0.972	0.972	0.971	0.971	0.970	0.969	0.969	0.968	0.959	0.956	0.956	0.954	0.953	0.944	0.943	0.938	0.937	0.936	0.935	0.934	0.934	0.932	0.915	0.914	0.911	0.911	0.910	0.908	0.907	0.905	0.903	0.898	0.892	0.888	0.887	0.887	0.885	0.883	0.870	0.868	0.861	0.806	0.773	0.773	0.771	0.771	0.746	0.742	0.739	0.723	0.721	0.712	0.710	0.707	0.704	0.703	0.699	0.698	0.696	0.691	0.691	0.690	0.690	0.684	0.682	0.680	0.672	0.668	0.659	0.654	0.651	0.649	0.645	0.640	0.638	0.635	0.633	0.630	0.629	0.629	0.629	0.628	0.627	0.627	0.627	0.626	0.626	0.625	0.625	0.623	0.622	0.620	0.617	0.617	0.615	0.608	0.591	0.533	0.527	0.507	0.488	0.000
HC290	0.629	0.742	0.809	0.840	0.874	0.905	0.921	0.931	0.939	0.948	0.953	0.957	0.960	0.961	0.965	0.974	0.981	0.982	0.984	0.986	0.990	0.993	0.994	0.994	0.995	0.996	0.997	0.998	0.999	0.999	0.998	0.997	0.996	0.994	0.992	0.989	0.989	0.989	0.988	0.983	0.983	0.982	0.981	0.981	0.979	0.978	0.978	0.977	0.977	0.976	0.976	0.975	0.974	0.973	0.973	0.973	0.971	0.971	0.970	0.970	0.970	0.969	0.960	0.956	0.956	0.955	0.954	0.945	0.944	0.938	0.937	0.936	0.935	0.934	0.934	0.932	0.915	0.914	0.911	0.911	0.910	0.908	0.908	0.905	0.903	0.899	0.892	0.889	0.888	0.888	0.885	0.883	0.870	0.868	0.861	0.806	0.774	0.773	0.772	0.771	0.746	0.742	0.739	0.723	0.721	0.713	0.710	0.708	0.705	0.704	0.700	0.698	0.696	0.691	0.691	0.691	0.690	0.684	0.683	0.680	0.672	0.669	0.659	0.654	0.651	0.649	0.645	0.640	0.639	0.636	0.633	0.630	0.629	0.629	0.629	0.628	0.627	0.627	0.627	0.627	0.626	0.625	0.625	0.623	0.622	0.620	0.618	0.617	0.615	0.608	0.591	0.534	0.527	0.507	0.488	0.000
HC300	0.628	0.740	0.807	0.838	0.873	0.904	0.920	0.930	0.937	0.947	0.952	0.956	0.958	0.960	0.963	0.973	0.980	0.981	0.982	0.985	0.989	0.992	0.992	0.992	0.993	0.994	0.995	0.996	0.998	0.998	0.999	0.999	0.998	0.996	0.994	0.991	0.991	0.990	0.990	0.984	0.984	0.984	0.983	0.983	0.980	0.980	0.980	0.979	0.978	0.978	0.977	0.977	0.975	0.975	0.974	0.974	0.973	0.972	0.972	0.971	0.971	0.970	0.961	0.958	0.958	0.956	0.955	0.946	0.945	0.940	0.939	0.938	0.936	0.936	0.936	0.934	0.917	0.916	0.913	0.913	0.912	0.910	0.909	0.906	0.905	0.900	0.894	0.890	0.889	0.889	0.886	0.885	0.871	0.870	0.863	0.808	0.775	0.774	0.773	0.772	0.748	0.744	0.740	0.725	0.722	0.714	0.712	0.709	0.706	0.705	0.701	0.700	0.698	0.693	0.692	0.692	0.691	0.685	0.684	0.681	0.674	0.670	0.661	0.655	0.652	0.650	0.646	0.642	0.640	0.637	0.635	0.632	0.630	0.630	0.630	0.629	0.628	0.628	0.628	0.628	0.628	0.627	0.626	0.625	0.624	0.621	0.619	0.618	0.617	0.609	0.592	0.535	0.529	0.508	0.489	0.000
HC310	0.627	0.739	0.806	0.837	0.871	0.902	0.918	0.928	0.936	0.945	0.950	0.954	0.957	0.958	0.962	0.971	0.978	0.979	0.981	0.983	0.987	0.990	0.991	0.991	0.992	0.993	0.994	0.995	0.997	0.997	0.999	0.999	0.999	0.997	0.995	0.992	0.992	0.992	0.991	0.986	0.986	0.985	0.984	0.984	0.982	0.981	0.981	0.980	0.980	0.979	0.979	0.978	0.977	0.976	0.976	0.976	0.974	0.974	0.973	0.973	0.973	0.972	0.963	0.959	0.959	0.958	0.957	0.948	0.947	0.941	0.940	0.939	0.938	0.937	0.937	0.935	0.918	0.917	0.914	0.914	0.913	0.911	0.911	0.908	0.906	0.901	0.895	0.892	0.891	0.891	0.888	0.886	0.873	0.871	0.864	0.809	0.777	0.776	0.774	0.774	0.749	0.745	0.742	0.726	0.724	0.715	0.713	0.710	0.707	0.706	0.702	0.701	0.699	0.694	0.694	0.693	0.693	0.686	0.685	0.683	0.675	0.671	0.662	0.657	0.653	0.651	0.648	0.643	0.641	0.638	0.636	0.633	0.632	0.632	0.631	0.631	0.630	0.630	0.630	0.629	0.629	0.628	0.628	0.626	0.625	0.622	0.620	0.619	0.618	0.610	0.593	0.536	0.530	0.509	0.490	0.000
HC320	0.626	0.738	0.805	0.836	0.870	0.901	0.917	0.927	0.935	0.944	0.949	0.953	0.956	0.957	0.961	0.970	0.977	0.978	0.980	0.982	0.986	0.989	0.990	0.990	0.991	0.992	0.993	0.994	0.996	0.996	0.998	0.999	0.999	0.998	0.996	0.993	0.993	0.993	0.992	0.987	0.987	0.986	0.985	0.985	0.983	0.982	0.982	0.981	0.981	0.980	0.980	0.979	0.978	0.977	0.977	0.977	0.975	0.975	0.974	0.974	0.974	0.973	0.964	0.960	0.960	0.959	0.958	0.949	0.948	0.942	0.941	0.940	0.939	0.938	0.938	0.936	0.919	0.918	0.915	0.915	0.914	0.912	0.912	0.909	0.907	0.902	0.896	0.893	0.892	0.892	0.889	0.887	0.874	0.872	0.865	0.810	0.778	0.777	0.775	0.775	0.750	0.746	0.743	0.727	0.725	0.716	0.714	0.711	0.708	0.707	0.703	0.702	0.700	0.695	0.695	0.694	0.693	0.687	0.686	0.684	0.676	0.672	0.663	0.657	0.654	0.652	0.649	0.644	0.642	0.639	0.637	0.634	0.633	0.633	0.632	0.631	0.631	0.631	0.631	0.630	0.630	0.629	0.628	0.627	0.626	0.623	0.621	0.620	0.619	0.611	0.594	0.537	0.531	0.510	0.491	0.000
HC330	0.624	0.736	0.803	0.834	0.869	0.899	0.916	0.925	0.933	0.942	0.947	0.951	0.954	0.955	0.959	0.968	0.976	0.976	0.978	0.981	0.984	0.987	0.988	0.988	0.989	0.990	0.991	0.992	0.994	0.994	0.996	0.997	0.998	0.999	0.998	0.995	0.995	0.995	0.994	0.989	0.989	0.988	0.987	0.987	0.984	0.984	0.984	0.983	0.983	0.982	0.982	0.981	0.980	0.979	0.979	0.979	0.977	0.977	0.976	0.976	0.975	0.975	0.966	0.962	0.962	0.961	0.960	0.951	0.950	0.944	0.943	0.942	0.941	0.940	0.940	0.938	0.921	0.920	0.917	0.917	0.916	0.914	0.914	0.911	0.909	0.904	0.898	0.895	0.894	0.893	0.891	0.889	0.876	0.874	0.867	0.812	0.779	0.779	0.777	0.777	0.752	0.748	0.745	0.729	0.726	0.718	0.716	0.713	0.710	0.709	0.705	0.704	0.702	0.697	0.696	0.696	0.695	0.689	0.688	0.685	0.677	0.674	0.664	0.659	0.656	0.654	0.650	0.646	0.644	0.641	0.639	0.635	0.634	0.634	0.634	0.633	0.632	0.632	0.632	0.632	0.631	0.631	0.630	0.628	0.627	0.625	0.623	0.622	0.620	0.613	0.596	0.538	0.532	0.512	0.492	0.000
HC340	0.623	0.734	0.801	0.832	0.867	0.897	0.914	0.923	0.931	0.940	0.945	0.950	0.952	0.953	0.957	0.966	0.974	0.975	0.976	0.979	0.982	0.985	0.986	0.986	0.987	0.988	0.989	0.990	0.992	0.992	0.994	0.995	0.996	0.998	0.999	0.997	0.997	0.997	0.996	0.991	0.991	0.990	0.989	0.989	0.986	0.986	0.986	0.985	0.985	0.984	0.984	0.983	0.982	0.981	0.981	0.980	0.979	0.979	0.978	0.978	0.977	0.977	0.968	0.964	0.964	0.963	0.962	0.953	0.951	0.946	0.945	0.944	0.943	0.942	0.942	0.940	0.923	0.922	0.919	0.919	0.918	0.916	0.916	0.913	0.911	0.906	0.900	0.897	0.895	0.895	0.893	0.891	0.878	0.876	0.869	0.814	0.781	0.780	0.779	0.778	0.754	0.749	0.746	0.731	0.728	0.720	0.718	0.715	0.712	0.711	0.707	0.706	0.703	0.698	0.698	0.698	0.697	0.691	0.690	0.687	0.679	0.676	0.666	0.661	0.658	0.656	0.652	0.647	0.645	0.642	0.640	0.637	0.636	0.636	0.636	0.635	0.634	0.634	0.634	0.633	0.633	0.632	0.632	0.630	0.629	0.627	0.624	0.624	0.622	0.615	0.597	0.540	0.534	0.513	0.494	0.000
